seed	N	T	F	DRA	D	DSTA	Empty	Transmitted	TPF
1	1	0	0.300	0.000137	0.009933	0.009933	0.908211	8.554462e+10	2.381054
1	2	0	0.300	0.000314	0.010224	0.010224	0.877238	1.699291e+11	2.376778
1	3	0	0.300	0.000488	0.010578	0.010578	0.846139	2.546624e+11	2.378386
1	4	0	0.300	0.000666	0.010980	0.010980	0.814744	3.402171e+11	2.384060
1	5	0	0.300	0.000843	0.011385	0.011385	0.783535	4.252604e+11	2.384493
1	6	0	0.300	0.001018	0.011771	0.011771	0.752579	5.096114e+11	2.386675
1	7	0	0.300	0.001199	0.012259	0.012259	0.721135	5.952978e+11	2.388603
1	8	0	0.300	0.001387	0.012727	0.012728	0.690390	6.790720e+11	2.390376
1	9	0	0.300	0.001570	0.013259	0.013259	0.659910	7.621182e+11	2.388891
1	10	0	0.300	0.001765	0.013864	0.013864	0.628907	8.466218e+11	2.390248
1	11	0	0.300	0.001947	0.014454	0.014454	0.598858	9.284904e+11	2.390072
1	12	0	0.300	0.002140	0.015163	0.015163	0.568738	1.010556e+12	2.390031
1	13	0	0.300	0.002333	0.015859	0.015859	0.538289	1.093546e+12	2.392928
1	14	0	0.300	0.002509	0.016529	0.016529	0.508947	1.173494e+12	2.389047
1	15	0	0.300	0.002714	0.017489	0.017489	0.478652	1.256058e+12	2.392636
1	16	0	0.300	0.002887	0.018243	0.018243	0.450896	1.331631e+12	2.386786
1	17	0	0.300	0.003082	0.019250	0.019250	0.421995	1.410389e+12	2.386662
1	18	0	0.300	0.003283	0.020427	0.020427	0.392571	1.490611e+12	2.391163
1	19	0	0.300	0.003478	0.021576	0.021576	0.364616	1.566779e+12	2.390160
1	20	0	0.300	0.003661	0.022864	0.022864	0.337728	1.640026e+12	2.386885
1	21	0	0.300	0.003847	0.024177	0.024177	0.311854	1.710492e+12	2.384381
1	22	0	0.300	0.004055	0.026041	0.026041	0.283000	1.789163e+12	2.390597
1	23	0	0.300	0.004234	0.027711	0.027711	0.258231	1.856647e+12	2.386874
1	24	0	0.300	0.004420	0.029678	0.029678	0.232842	1.925815e+12	2.387940
1	25	0	0.300	0.004598	0.031879	0.031879	0.208631	1.991769e+12	2.385593
1	26	0	0.300	0.004773	0.034169	0.034169	0.186331	2.052500e+12	2.383913
1	27	0	0.300	0.004961	0.037170	0.037170	0.162613	2.117187e+12	2.387943
1	28	0	0.300	0.005128	0.040213	0.040213	0.141584	2.174477e+12	2.388786
1	29	0	0.300	0.005301	0.043803	0.043803	0.120291	2.232577e+12	2.391969
1	30	0	0.300	0.005453	0.047445	0.047446	0.103140	2.279245e+12	2.388457
1	31	0	0.300	0.005600	0.051836	0.051836	0.085812	2.326499e+12	2.390740
1	32	0	0.300	0.005732	0.056467	0.056468	0.070250	2.368875e+12	2.390047
1	33	0	0.300	0.005848	0.061587	0.061587	0.057580	2.403372e+12	2.387565
1	34	0	0.300	0.005975	0.067597	0.067597	0.044458	2.439169e+12	2.390486
1	35	0	0.300	0.006059	0.073400	0.073401	0.034665	2.465818e+12	2.387808
1	36	0	0.300	0.006160	0.080770	0.080771	0.025797	2.490023e+12	2.391637
1	37	0	0.300	0.006226	0.088126	0.088127	0.018962	2.508668e+12	2.391938
1	38	0	0.300	0.006284	0.095910	0.095911	0.013715	2.522958e+12	2.390632
1	39	0	0.300	0.006331	0.104038	0.104039	0.009457	2.534538e+12	2.390971
1	40	0	0.300	0.006367	0.112575	0.112577	0.006570	2.542423e+12	2.390180
2	1	0	0.300	0.000137	0.010022	0.010022	0.907900	8.640158e+10	2.398330
2	2	0	0.300	0.000317	0.010353	0.010353	0.876238	1.726829e+11	2.400023
2	3	0	0.300	0.000476	0.010656	0.010656	0.844800	2.583493e+11	2.397370
2	4	0	0.300	0.000679	0.011135	0.011135	0.812948	3.451656e+11	2.404901
2	5	0	0.300	0.000846	0.011482	0.011482	0.781975	4.295519e+11	2.400268
2	6	0	0.300	0.001026	0.011865	0.011865	0.751187	5.134367e+11	2.396609
2	7	0	0.300	0.001212	0.012337	0.012337	0.720039	5.983084e+11	2.395040
2	8	0	0.300	0.001394	0.012841	0.012841	0.689343	6.819603e+11	2.397966
2	9	0	0.300	0.001577	0.013324	0.013324	0.659071	7.644293e+11	2.393063
2	10	0	0.300	0.001763	0.013864	0.013864	0.628953	8.465012e+11	2.390799
2	11	0	0.300	0.001950	0.014473	0.014473	0.597946	9.310031e+11	2.393787
2	12	0	0.300	0.002140	0.015160	0.015160	0.567643	1.013581e+12	2.394963
2	13	0	0.300	0.002332	0.015849	0.015849	0.538516	1.092925e+12	2.392041
2	14	0	0.300	0.002524	0.016649	0.016649	0.507864	1.176463e+12	2.394754
2	15	0	0.300	0.002713	0.017406	0.017406	0.478803	1.255641e+12	2.392030
2	16	0	0.300	0.002908	0.018406	0.018406	0.448558	1.338080e+12	2.395568
2	17	0	0.300	0.003097	0.019347	0.019347	0.419680	1.416768e+12	2.395728
2	18	0	0.300	0.003292	0.020489	0.020489	0.391798	1.492719e+12	2.393403
2	19	0	0.300	0.003481	0.021636	0.021636	0.363485	1.569866e+12	2.393497
2	20	0	0.300	0.003682	0.023072	0.023072	0.335443	1.646279e+12	2.394676
2	21	0	0.300	0.003869	0.024397	0.024397	0.309500	1.716958e+12	2.392108
2	22	0	0.300	0.004057	0.026009	0.026009	0.281914	1.792145e+12	2.393515
2	23	0	0.300	0.004249	0.027992	0.027992	0.256450	1.861548e+12	2.393669
2	24	0	0.300	0.004442	0.029939	0.029939	0.230637	1.931843e+12	2.393535
2	25	0	0.300	0.004612	0.032055	0.032055	0.206915	1.996494e+12	2.392315
2	26	0	0.300	0.004804	0.034591	0.034592	0.182574	2.062864e+12	2.395654
2	27	0	0.300	0.004975	0.037330	0.037330	0.160620	2.122674e+12	2.394609
2	28	0	0.300	0.005143	0.040519	0.040519	0.140059	2.178698e+12	2.393653
2	29	0	0.300	0.005317	0.043922	0.043922	0.119591	2.234483e+12	2.394125
2	30	0	0.300	0.005461	0.047664	0.047664	0.101642	2.283356e+12	2.393073
2	31	0	0.300	0.005606	0.051970	0.051971	0.085008	2.328708e+12	2.392798
2	32	0	0.300	0.005743	0.056795	0.056795	0.069768	2.370205e+12	2.393036
2	33	0	0.300	0.005864	0.062062	0.062062	0.056052	2.407593e+12	2.393799
2	34	0	0.300	0.005972	0.067810	0.067811	0.044217	2.439845e+12	2.393137
2	35	0	0.300	0.006071	0.073512	0.073512	0.034196	2.467115e+12	2.390597
2	36	0	0.300	0.006153	0.080646	0.080647	0.025567	2.490612e+12	2.392255
2	37	0	0.300	0.006226	0.087914	0.087916	0.019002	2.508526e+12	2.391325
2	38	0	0.300	0.006283	0.095852	0.095853	0.013771	2.522773e+12	2.391983
2	39	0	0.300	0.006330	0.104683	0.104685	0.009666	2.533989e+12	2.393548
2	40	0	0.300	0.006369	0.113151	0.113153	0.006206	2.543440e+12	2.394107
3	1	0	0.300	0.000137	0.009929	0.009929	0.908105	8.583082e+10	2.381360
3	2	0	0.300	0.000316	0.010278	0.010278	0.876732	1.713153e+11	2.386964
3	3	0	0.300	0.000485	0.010645	0.010645	0.845092	2.575442e+11	2.393098
3	4	0	0.300	0.000674	0.011034	0.011034	0.813897	3.425426e+11	2.391364
3	5	0	0.300	0.000849	0.011413	0.011413	0.782867	4.270960e+11	2.390625
3	6	0	0.300	0.001033	0.011821	0.011821	0.752228	5.105637e+11	2.385998
3	7	0	0.300	0.001204	0.012260	0.012260	0.721282	5.948932e+11	2.387822
3	8	0	0.300	0.001397	0.012807	0.012807	0.689461	6.816180e+11	2.394722
3	9	0	0.300	0.001571	0.013287	0.013287	0.659679	7.627367e+11	2.388905
3	10	0	0.300	0.001769	0.013897	0.013897	0.628708	8.471538e+11	2.390879
3	11	0	0.300	0.001949	0.014439	0.014439	0.598712	9.288715e+11	2.388927
3	12	0	0.300	0.002125	0.015044	0.015044	0.568961	1.009928e+12	2.387316
3	13	0	0.300	0.002328	0.015839	0.015839	0.538292	1.093518e+12	2.390924
3	14	0	0.300	0.002514	0.016583	0.016583	0.508743	1.174029e+12	2.390293
3	15	0	0.300	0.002704	0.017425	0.017425	0.479053	1.254932e+12	2.389820
3	16	0	0.300	0.002903	0.018442	0.018442	0.449352	1.335874e+12	2.390465
3	17	0	0.300	0.003080	0.019244	0.019244	0.421527	1.411654e+12	2.387085
3	18	0	0.300	0.003277	0.020377	0.020377	0.393422	1.488241e+12	2.387978
3	19	0	0.300	0.003474	0.021598	0.021598	0.364549	1.566949e+12	2.390026
3	20	0	0.300	0.003668	0.022963	0.022963	0.336761	1.642673e+12	2.390085
3	21	0	0.300	0.003859	0.024394	0.024394	0.310318	1.714697e+12	2.387935
3	22	0	0.300	0.004045	0.025940	0.025940	0.283437	1.787948e+12	2.389748
3	23	0	0.300	0.004238	0.027820	0.027820	0.257616	1.858318e+12	2.389201
3	24	0	0.300	0.004430	0.029809	0.029809	0.231570	1.929322e+12	2.390694
3	25	0	0.300	0.004620	0.032060	0.032060	0.206761	1.996909e+12	2.391139
3	26	0	0.300	0.004799	0.034549	0.034549	0.183932	2.059108e+12	2.391012
3	27	0	0.300	0.004963	0.037266	0.037266	0.162021	2.118798e+12	2.391218
3	28	0	0.300	0.005141	0.040455	0.040456	0.139554	2.180067e+12	2.392274
3	29	0	0.300	0.005300	0.043791	0.043791	0.120193	2.232795e+12	2.391038
3	30	0	0.300	0.005452	0.047479	0.047479	0.102498	2.281015e+12	2.389298
3	31	0	0.300	0.005598	0.051879	0.051880	0.085355	2.327736e+12	2.391192
3	32	0	0.300	0.005733	0.056539	0.056539	0.070022	2.369533e+12	2.391429
3	33	0	0.300	0.005864	0.061834	0.061834	0.056639	2.405964e+12	2.391155
3	34	0	0.300	0.005973	0.067705	0.067706	0.044597	2.438822e+12	2.390917
3	35	0	0.300	0.006070	0.074045	0.074046	0.034094	2.467450e+12	2.391901
3	36	0	0.300	0.006156	0.080730	0.080730	0.025981	2.489514e+12	2.391028
3	37	0	0.300	0.006225	0.087971	0.087972	0.018935	2.508723e+12	2.390944
3	38	0	0.300	0.006288	0.096242	0.096243	0.013530	2.523466e+12	2.392699
3	39	0	0.300	0.006332	0.104137	0.104139	0.009569	2.534238e+12	2.391861
3	40	0	0.300	0.006366	0.113020	0.113022	0.006395	2.542940e+12	2.393158
