seed	N	T	F	DRA	D	DSTA	Empty	Transmitted	TPF
1	1	0	0.300	0.000137	0.009933	0.009933	0.908211	8.554462e+10	2.381054
1	2	0	0.300	0.000309	0.010242	0.010241	0.877260	1.698723e+11	2.375629
1	3	0	0.300	0.000489	0.010624	0.010624	0.845987	2.550798e+11	2.380449
1	4	0	0.300	0.000667	0.011045	0.011046	0.814635	3.405172e+11	2.384175
1	5	0	0.300	0.000833	0.011448	0.011449	0.783381	4.256831e+11	2.386224
1	6	0	0.300	0.001022	0.011892	0.011895	0.753096	5.081914e+11	2.381868
1	7	0	0.300	0.001202	0.012400	0.012404	0.721511	5.942650e+11	2.388747
1	8	0	0.300	0.001394	0.012969	0.012976	0.689785	6.807404e+11	2.395452
1	9	0	0.300	0.001571	0.013533	0.013539	0.659247	7.639597e+11	2.394431
1	10	0	0.300	0.001766	0.014128	0.014139	0.628933	8.465530e+11	2.393994
1	11	0	0.300	0.001948	0.014785	0.014803	0.598576	9.292686e+11	2.393319
1	12	0	0.300	0.002130	0.015467	0.015491	0.568744	1.010548e+12	2.390350
1	13	0	0.300	0.002324	0.016245	0.016272	0.538376	1.093301e+12	2.394170
1	14	0	0.300	0.002504	0.016992	0.017036	0.509979	1.170659e+12	2.389307
1	15	0	0.300	0.002699	0.017946	0.018012	0.480211	1.251780e+12	2.389334
1	16	0	0.300	0.002890	0.018895	0.018976	0.450873	1.331723e+12	2.389210
1	17	0	0.300	0.003074	0.019968	0.020079	0.423156	1.407231e+12	2.388241
1	18	0	0.300	0.003266	0.021142	0.021297	0.395027	1.483877e+12	2.387314
1	19	0	0.300	0.003455	0.022467	0.022682	0.366893	1.560528e+12	2.386550
1	20	0	0.300	0.003642	0.023842	0.024120	0.339554	1.635041e+12	2.387294
1	21	0	0.300	0.003837	0.025595	0.025985	0.312246	1.709471e+12	2.389971
1	22	0	0.300	0.004021	0.027176	0.027702	0.286488	1.779644e+12	2.387382
1	23	0	0.300	0.004208	0.029185	0.029892	0.260974	1.849172e+12	2.387988
1	24	0	0.300	0.004385	0.031155	0.032097	0.236348	1.916246e+12	2.385857
1	25	0	0.300	0.004568	0.033603	0.034865	0.212929	1.980055e+12	2.385852
1	26	0	0.300	0.004745	0.036267	0.037977	0.189853	2.042944e+12	2.386170
1	27	0	0.300	0.004910	0.039319	0.041616	0.167344	2.104293e+12	2.389306
1	28	0	0.300	0.005079	0.042417	0.045516	0.146303	2.161642e+12	2.389557
1	29	0	0.300	0.005243	0.046242	0.050476	0.127051	2.214106e+12	2.389637
1	30	0	0.300	0.005381	0.050059	0.055744	0.109494	2.261957e+12	2.389259
1	31	0	0.300	0.005527	0.054473	0.062075	0.092662	2.307822e+12	2.388815
1	32	0	0.300	0.005670	0.059316	0.069729	0.076936	2.350677e+12	2.391688
1	33	0	0.300	0.005781	0.064450	0.078332	0.063852	2.386306e+12	2.390346
1	34	0	0.300	0.005892	0.069988	0.088765	0.051487	2.420017e+12	2.389473
1	35	0	0.300	0.005989	0.076133	0.101458	0.041372	2.447553e+12	2.389888
1	36	0	0.300	0.006085	0.082816	0.117614	0.032187	2.472596e+12	2.390143
1	37	0	0.300	0.006154	0.090131	0.136887	0.024657	2.493124e+12	2.391453
1	38	0	0.300	0.006218	0.097716	0.161444	0.018850	2.508937e+12	2.389852
1	39	0	0.300	0.006276	0.105887	0.193180	0.013520	2.523500e+12	2.391799
1	40	0	0.300	0.006317	0.113732	0.229717	0.009837	2.533504e+12	2.389118
2	1	0	0.300	0.000137	0.010022	0.010022	0.907900	8.640158e+10	2.398330
2	2	0	0.300	0.000317	0.010388	0.010388	0.876157	1.729051e+11	2.402504
2	3	0	0.300	0.000485	0.010730	0.010730	0.844573	2.589704e+11	2.400800
2	4	0	0.300	0.000675	0.011159	0.011159	0.813209	3.444470e+11	2.400060
2	5	0	0.300	0.000850	0.011570	0.011572	0.781806	4.300191e+11	2.401619
2	6	0	0.300	0.001031	0.011988	0.011992	0.750933	5.141364e+11	2.397992
2	7	0	0.300	0.001201	0.012427	0.012431	0.720550	5.969147e+11	2.393461
2	8	0	0.300	0.001397	0.013000	0.013005	0.689603	6.812537e+11	2.396300
2	9	0	0.300	0.001576	0.013561	0.013569	0.659207	7.640624e+11	2.394453
2	10	0	0.300	0.001777	0.014212	0.014223	0.627933	8.493168e+11	2.397628
2	11	0	0.300	0.001952	0.014840	0.014858	0.598012	9.308260e+11	2.395746
2	12	0	0.300	0.002139	0.015487	0.015511	0.568499	1.011224e+12	2.393222
2	13	0	0.300	0.002324	0.016235	0.016273	0.538627	1.092622e+12	2.392616
2	14	0	0.300	0.002513	0.017049	0.017097	0.509047	1.173214e+12	2.391751
2	15	0	0.300	0.002720	0.018116	0.018187	0.477709	1.258658e+12	2.398359
2	16	0	0.300	0.002912	0.019111	0.019202	0.449333	1.335970e+12	2.397181
2	17	0	0.300	0.003088	0.020116	0.020233	0.421112	1.412850e+12	2.394603
2	18	0	0.300	0.003286	0.021409	0.021571	0.392844	1.489903e+12	2.395637
2	19	0	0.300	0.003469	0.022602	0.022821	0.365177	1.565246e+12	2.392621
2	20	0	0.300	0.003657	0.023970	0.024257	0.337933	1.639490e+12	2.393389
2	21	0	0.300	0.003843	0.025590	0.025989	0.311656	1.711081e+12	2.391204
2	22	0	0.300	0.004027	0.027218	0.027738	0.286330	1.780075e+12	2.390020
2	23	0	0.300	0.004223	0.029341	0.030042	0.259685	1.852712e+12	2.393886
2	24	0	0.300	0.004396	0.031385	0.032340	0.235520	1.918524e+12	2.390839
2	25	0	0.300	0.004581	0.033974	0.035269	0.210455	1.986889e+12	2.395139
2	26	0	0.300	0.004753	0.036509	0.038238	0.188748	2.045985e+12	2.391352
2	27	0	0.300	0.004928	0.039739	0.042137	0.165995	2.108051e+12	2.395946
2	28	0	0.300	0.005091	0.042599	0.045696	0.146199	2.161933e+12	2.391631
2	29	0	0.300	0.005240	0.046202	0.050392	0.126938	2.214405e+12	2.391161
2	30	0	0.300	0.005396	0.050256	0.055965	0.108021	2.266017e+12	2.392788
2	31	0	0.300	0.005538	0.054787	0.062560	0.091091	2.312144e+12	2.395949
2	32	0	0.300	0.005661	0.059302	0.069610	0.076593	2.351596e+12	2.392245
2	33	0	0.300	0.005789	0.065082	0.079296	0.062870	2.389044e+12	2.395273
2	34	0	0.300	0.005899	0.070415	0.089346	0.050903	2.421630e+12	2.393505
2	35	0	0.300	0.005994	0.076801	0.102706	0.040870	2.448981e+12	2.393725
2	36	0	0.300	0.006082	0.083438	0.118469	0.031942	2.473301e+12	2.393500
2	37	0	0.300	0.006156	0.090462	0.136932	0.024340	2.493996e+12	2.393335
2	38	0	0.300	0.006221	0.098271	0.162049	0.018669	2.509451e+12	2.393310
2	39	0	0.300	0.006277	0.106045	0.193851	0.013441	2.523691e+12	2.392607
2	40	0	0.300	0.006317	0.114404	0.232781	0.010047	2.532951e+12	2.391568
3	1	0	0.300	0.000137	0.009929	0.009929	0.908105	8.583082e+10	2.381360
3	2	0	0.300	0.000320	0.010328	0.010328	0.876641	1.715661e+11	2.389473
3	3	0	0.300	0.000489	0.010695	0.010696	0.845046	2.576703e+11	2.393855
3	4	0	0.300	0.000679	0.011130	0.011131	0.813610	3.433312e+11	2.395495
3	5	0	0.300	0.000840	0.011463	0.011466	0.783071	4.265295e+11	2.388241
3	6	0	0.300	0.001024	0.011912	0.011914	0.752096	5.109311e+11	2.387071
3	7	0	0.300	0.001204	0.012420	0.012423	0.720983	5.957168e+11	2.389607
3	8	0	0.300	0.001397	0.012960	0.012966	0.690066	6.799645e+11	2.390228
3	9	0	0.300	0.001570	0.013506	0.013514	0.659957	7.619924e+11	2.389939
3	10	0	0.300	0.001756	0.014089	0.014102	0.629604	8.446918e+11	2.389146
3	11	0	0.300	0.001950	0.014778	0.014796	0.598970	9.281852e+11	2.390969
3	12	0	0.300	0.002123	0.015415	0.015437	0.568922	1.010059e+12	2.389410
3	13	0	0.300	0.002329	0.016260	0.016293	0.538860	1.091974e+12	2.390029
3	14	0	0.300	0.002503	0.017000	0.017041	0.509825	1.171081e+12	2.389087
3	15	0	0.300	0.002693	0.017869	0.017928	0.480755	1.250266e+12	2.386316
3	16	0	0.300	0.002902	0.018984	0.019064	0.450994	1.331386e+12	2.390320
3	17	0	0.300	0.003078	0.020027	0.020141	0.421998	1.410408e+12	2.391712
3	18	0	0.300	0.003264	0.021120	0.021281	0.394338	1.485757e+12	2.388484
3	19	0	0.300	0.003468	0.022624	0.022844	0.366370	1.561969e+12	2.390701
3	20	0	0.300	0.003662	0.024061	0.024362	0.338531	1.637866e+12	2.392360
3	21	0	0.300	0.003833	0.025533	0.025932	0.312174	1.709644e+12	2.389988
3	22	0	0.300	0.004024	0.027222	0.027755	0.285950	1.781102e+12	2.389481
3	23	0	0.300	0.004221	0.029320	0.030027	0.260205	1.851266e+12	2.390031
3	24	0	0.300	0.004394	0.031405	0.032366	0.236087	1.916978e+12	2.390199
3	25	0	0.300	0.004584	0.033949	0.035265	0.210404	1.987037e+12	2.393987
3	26	0	0.300	0.004765	0.036512	0.038266	0.187380	2.049755e+12	2.393027
3	27	0	0.300	0.004928	0.039720	0.042098	0.166535	2.106565e+12	2.394613
3	28	0	0.300	0.005085	0.042432	0.045528	0.146464	2.161200e+12	2.389270
3	29	0	0.300	0.005241	0.046113	0.050243	0.126676	2.215114e+12	2.390072
3	30	0	0.300	0.005403	0.050626	0.056480	0.107660	2.267032e+12	2.395324
3	31	0	0.300	0.005532	0.054417	0.062017	0.092245	2.308936e+12	2.389336
3	32	0	0.300	0.005663	0.059162	0.069416	0.077345	2.349532e+12	2.389782
3	33	0	0.300	0.005791	0.064610	0.078796	0.062916	2.388893e+12	2.391250
3	34	0	0.300	0.005898	0.070404	0.089378	0.051036	2.421265e+12	2.392559
3	35	0	0.300	0.005989	0.076062	0.101153	0.041634	2.446821e+12	2.387933
3	36	0	0.300	0.006087	0.083296	0.118527	0.031919	2.473366e+12	2.392353
3	37	0	0.300	0.006161	0.090256	0.136891	0.024232	2.494307e+12	2.391334
3	38	0	0.300	0.006223	0.098017	0.161895	0.018731	2.509300e+12	2.391629
3	39	0	0.300	0.006276	0.105513	0.191880	0.013614	2.523182e+12	2.390171
3	40	0	0.300	0.006321	0.113961	0.230866	0.009684	2.533902e+12	2.390459
